// SCENE
0 0 0
1.0468120202962021
26.73121567009838
0.002
0.002
-0.096069 -1.471922 0.000000
4
// BODY
0.000000 0.000000 2.000000
1.570796 0.000000 0.000000
30
30
2
0.0
1.0
0.0
6.283185307179586
255 102 102
10
66.000000 68.000000
68.000000 90.000000
72.000000 139.000000
133.000000 141.000000
189.000000 138.000000
206.000000 99.000000
224.000000 77.000000
277.000000 61.000000
333.000000 78.000000
346.000000 92.000000
// BODY
0.000000 0.000000 0.000000
1.570796 0.000000 0.000000
30
30
2
0.0
1.0
0.0
6.283185307179586
255 179 102
9
103.000000 155.000000
85.000000 95.000000
183.000000 43.000000
243.000000 48.000000
238.000000 102.000000
285.000000 137.000000
347.000000 133.000000
363.000000 111.000000
369.000000 105.000000
// BODY
0.000000 2.000000 2.000000
1.570796 0.000000 0.000000
30
30
2
0.0
1.0
0.0
6.283185307179586
255 255 102
7
181.000000 130.000000
57.000000 113.000000
251.000000 33.000000
284.000000 131.000000
321.000000 128.000000
371.000000 90.000000
353.000000 98.000000
// BODY
0.000000 2.000000 0.000000
0.000000 0.000000 0.000000
30
30
2
0.0
1.0
0.0
6.283185307179586
128 153 255
7
212.000000 184.000000
167.000000 148.000000
203.000000 69.000000
245.000000 158.000000
283.000000 69.000000
318.000000 144.000000
281.000000 184.000000
